$ 1 0.000005 382.76258214399064 99 5 50 5e-11
156 -96 272 -64 272 0 5
156 112 272 128 272 0 5
156 336 272 352 272 0 0
w -96 272 -112 272 0
w -112 272 -112 208 0
w -112 272 -112 336 0
w -112 336 -96 336 0
w 112 272 96 272 0
w 96 272 96 208 0
w 96 272 96 336 0
w 96 336 112 336 0
w 336 272 320 272 0
w 320 272 320 208 0
w 320 272 320 336 0
w 320 336 336 336 0
L -112 192 -112 176 0 1 false 5 0
L 96 192 96 176 0 1 false 5 0
L 320 192 320 176 0 1 false 5 0
w -112 192 -112 208 0
w 96 192 96 208 0
w 320 192 320 208 0
w 0 272 32 272 0
w 32 272 32 304 0
w 32 304 96 304 0
w 96 304 112 304 0
w 208 272 240 272 0
w 240 272 240 304 0
w 240 304 336 304 0
R -96 304 -192 304 1 2 100 2.5 2.5 0 0.5
207 32 272 32 208 4 Q0
207 240 272 240 208 4 Q1
207 432 272 432 208 4 Q2
207 208 336 224 336 4 Q1b
207 0 336 16 336 4 Q0b
207 -176 432 -192 432 4 Q2b
207 -176 448 -192 448 4 Q1b
207 -176 464 -192 464 4 Q0b
207 -176 512 -192 512 4 Q2
207 -176 528 -192 528 4 Q1
207 -176 544 -192 544 4 Q0b
207 -176 592 -192 592 4 Q2
207 -176 608 -192 608 4 Q1
207 -176 624 -192 624 4 Q0
w -64 448 -16 448 0
w -16 448 -16 512 0
w -64 528 -16 528 0
w -64 608 -16 608 0
w 352 624 400 624 0
w 352 544 400 544 0
w 400 464 400 528 0
w 352 464 400 464 0
207 240 640 224 640 4 Q0b
207 240 624 224 624 4 Q1b
207 240 608 224 608 4 Q2
207 240 560 224 560 4 Q0
207 240 544 224 544 4 Q1
207 240 528 224 528 4 Q2b
207 240 480 224 480 4 Q0b
207 240 464 224 464 4 Q1
207 240 448 224 448 4 Q2b
207 528 336 512 336 4 Q0
207 528 320 512 320 4 Q1b
207 528 304 512 304 4 Q2
207 528 256 512 256 4 Q0
207 528 240 512 240 4 Q1b
207 528 224 512 224 4 Q2b
207 528 544 544 544 4 VD_B
w 512 544 528 544 0
207 656 240 672 240 4 AM_A
207 656 320 672 320 4 AM_B
w 640 240 656 240 0
w 640 320 656 320 0
207 752 416 784 416 4 VM_A
207 752 512 784 512 4 VM_B
w 736 416 752 416 0
w 736 512 752 512 0
162 816 272 880 272 2 default-led 1 1 0 0.01
162 816 320 880 320 2 default-led 1 0 0 0.01
162 816 224 880 224 2 default-led 0 1 0 0.01
162 960 224 1024 224 2 default-led 0 1 0 0.01
162 960 272 1024 272 2 default-led 1 1 0 0.01
162 960 320 1024 320 2 default-led 1 0 0 0.01
w 912 224 912 400 0
w 880 224 912 224 0
w 912 224 960 224 0
w 880 272 912 272 0
w 912 272 944 272 0
w 944 272 960 272 0
w 880 320 912 320 0
w 912 320 960 320 0
r 768 272 800 272 0 1000
r 768 320 800 320 0 1000
r 768 224 800 224 0 1000
r 1040 320 1072 320 0 1000
r 1040 272 1072 272 0 1000
r 1040 224 1072 224 0 1000
w 800 224 816 224 0
w 800 272 816 272 0
w 800 320 816 320 0
w 1024 320 1040 320 0
w 1024 272 1040 272 0
w 1024 224 1040 224 0
w 768 224 752 224 0
w 768 272 752 272 0
w 768 320 752 320 0
w 1072 320 1088 320 0
w 1072 272 1088 272 0
w 1072 224 1088 224 0
207 752 224 736 224 4 VD_A
207 752 272 736 272 4 AM_A
207 752 320 736 320 4 VM_A
207 1088 224 1104 224 4 VD_B
207 1088 272 1104 272 4 AM_B
207 1088 320 1104 320 4 VM_B
g 912 400 912 432 0 0
w -16 512 16 512 0
w -16 528 16 528 0
w -16 544 16 544 0
207 112 528 144 528 4 VD_A
207 624 432 592 432 4 AM_B
207 624 400 592 400 4 VD_B
207 448 336 464 336 4 Q2b
207 624 496 592 496 4 VD_A
207 624 528 592 528 4 AM_A
w 624 400 640 400 0
w 624 432 640 432 0
w 432 336 448 336 0
w 624 496 640 496 0
w 624 528 640 528 0
150 -144 448 -96 448 0 3 0 5
150 -144 528 -96 528 0 3 0 5
150 -144 608 -96 608 0 3 0 5
150 272 464 320 464 0 3 0 5
150 272 544 320 544 0 3 5 5
150 272 624 320 624 0 3 0 5
150 560 240 608 240 0 3 0 5
150 560 320 608 320 0 3 0 5
w -64 448 -96 448 0
w -176 432 -144 432 0
w -176 464 -144 464 0
w -176 448 -144 448 0
w -176 512 -144 512 0
w -176 528 -144 528 0
w -176 544 -144 544 0
w -176 592 -144 592 0
w -176 608 -144 608 0
w -176 624 -144 624 0
w -16 544 -16 608 0
w -64 608 -96 608 0
w -64 528 -96 528 0
w 240 448 256 448 0
w 240 464 272 464 0
w 256 448 272 448 0
w 240 480 272 480 0
w 352 464 320 464 0
w 240 528 256 528 0
w 240 544 256 544 0
w 256 528 272 528 0
w 256 544 272 544 0
w 240 560 272 560 0
w 352 544 320 544 0
w 240 608 272 608 0
w 240 624 272 624 0
w 240 640 272 640 0
w 352 624 320 624 0
w 400 560 400 624 0
w 560 304 528 304 0
w 528 320 560 320 0
w 528 336 560 336 0
w 528 256 560 256 0
w 528 224 560 224 0
w 528 240 560 240 0
w 608 240 624 240 0
w 624 240 640 240 0
w 608 320 640 320 0
152 32 528 96 528 0 3 0 5
152 432 544 496 544 0 3 5 5
w 16 512 32 512 0
w 16 528 32 528 0
w 16 544 32 544 0
w 96 528 112 528 0
w 400 528 432 528 0
w 400 560 432 560 0
w 496 544 512 544 0
w 400 544 432 544 0
152 656 416 720 416 0 2 5 5
152 656 512 720 512 0 2 0 5
w 640 400 656 400 0
w 640 432 656 432 0
w 720 416 736 416 0
w 640 496 656 496 0
w 640 528 656 528 0
w 720 512 736 512 0
